1,"太郎"
2,"次郎"
3,"三郎"